T(degC) W(-) L(gCm-2)
6.4715	0.2489	0.01 
6.5175	0.2486	0.01
6.4957	0.2482	0.01
6.4169	0.2482	0.01
6.2859	0.2477	0.01
6.2284	0.2476	0.01
6.1678	0.2476	0.01
6.1865	0.2477	0.01
6.2756	0.2471	0.01
6.3282	0.2467	0.01
6.2819	0.2469	0.01
6.1684	0.2474	0.01
6.0855	0.2480	0.01
6.0105	0.2478	0.01
5.9131	0.2473	0.01
5.9094	0.2475	0.01
6.0318	0.2483	0.01
6.2127	0.2488	0.01
6.3252	0.2489	0.01
6.3794	0.2488	0.01
6.4136	0.2489	0.01
6.4330	0.2486	0.01
6.4073	0.2484	0.01
6.3919	0.2479	0.01
6.3318	0.2475	0.01
6.2939	0.2471	0.01
6.3520	0.2469	0.01
6.4019	0.2472	0.01
6.4763	0.2472	0.01
6.4669	0.2471	0.01
6.4575	0.2470	0.01
6.3626	0.2471	0.01
6.2651	0.2475	0.01
6.1120	0.2479	0.01
6.0451	0.2479	0.01
6.1138	0.2474	0.01
6.2647	0.2472	0.01
6.2899	0.2470	0.01
6.2848	0.2469	0.01
6.2850	0.2468	0.01
6.3285	0.2463	0.01
6.3921	0.2460	0.01
6.5028	0.2458	0.01
6.6484	0.2459	0.01
6.7493	0.2456	0.01
6.7843	0.2454	0.01
6.8079	0.2459	0.01
6.8447	0.2463	0.01
6.8272	0.2462	0.01
6.7682	0.2460	0.01
6.7425	0.2459	0.01
6.8026	0.2457	0.01
6.8565	0.2454	0.01
6.9636	0.2452	0.01
7.1232	0.2451	0.01
7.1996	0.2450	0.01
7.3042	0.2447	0.01
7.4166	0.2445	0.01
7.5132	0.2447	0.01
7.4497	0.2452	0.01
7.3862	0.2457	0.01
7.3671	0.2461	0.01
7.4155	0.2468	0.01
7.5651	0.2476	0.01
7.7115	0.2474	0.01
7.8138	0.2472	0.01
7.8821	0.2469	0.01
7.8827	0.2466	0.01
7.8781	0.2469	0.01
7.9430	0.2470	0.01
8.1045	0.2471	0.01
8.2760	0.2474	0.01
8.4011	0.2481	0.01
8.5361	0.2484	0.01
8.6895	0.2484	0.01
8.7467	0.2486	0.01
8.7636	0.2485	0.01
8.8096	0.2484	0.01
8.8744	0.2478	0.01
9.0242	0.2473	0.01
9.0731	0.2478	0.01
9.0148	0.2476	0.01
8.9453	0.2479	0.01
8.9796	0.2478	0.01
9.1032	0.2475	0.01
9.2565	0.2475	0.01
9.3069	0.2477	0.01
9.3132	0.2477	0.01
9.3390	0.2473	0.01
9.4076	0.2472	0.01
9.4763	0.2471	0.01
9.6149	0.2475	0.01
9.6611	0.2483	0.01
9.7392	0.2485	0.01
9.8308	0.2487	0.01
10.0070	0.2491	0.01
10.01068	0.2493	0.01
10.01074	0.2493	0.01
10.01523	0.2494	0.01
10.3384	0.2495	0.01
10.01358	0.2495	0.01
10.7275	0.2496	0.01
10.8561	0.2499	0.01
10.8965	0.2500	0.01
10.8787	0.2505	0.01
10.8834	0.2505	0.01
10.8706	0.2501	0.01
10.8870	0.2492	0.01
10.9318	0.2487	0.01
10.9761	0.2481	0.01
11.0607	0.2479	0.01
11.1261	0.2474	0.01
11.2539	0.2473	0.01
11.3351	0.2475	0.01
11.3242	0.2476	0.01
11.3929	0.2473	0.01
11.5597	0.2473	0.01
11.6977	0.2475	0.01
11.7277	0.2477	0.01
11.7142	0.2479	0.01
11.7007	0.2481	0.01
11.7413	0.2479	0.01
11.8304	0.2473	0.01
11.9488	0.2467	0.01
12.0877	0.2460	0.01
12.1396	0.2454	0.01
12.1953	0.2457	0.01
12.3169	0.2460	0.01
12.4471	0.2456	0.01
12.4343	0.2451	0.01
12.4514	0.2453	0.01
12.5287	0.2454	0.01
12.5288	0.2457	0.01
12.5870	0.2460	0.01
12.7156	0.2462	0.01
12.8639	0.2458	0.01
12.9829	0.2455	0.01
13.0716	0.2453	0.01
13.1331	0.2449	0.01
13.1598	0.2444	0.01
13.2571	0.2439	0.01
13.2993	0.2435	0.01
13.3324	0.2431	0.01
13.4057	0.2431	0.01
13.4826	0.2434	0.01
13.5586	0.2432	0.01
13.5983	0.2430	0.01
13.7108	0.2430	0.01
13.8714	0.2427	0.01
13.9764	0.2424	0.01
14.0814	0.2421	0.01
14.1156	0.2417	0.01
14.1909	0.2419	0.01
14.3371	0.2414	0.01
14.4604	0.2412	0.01
14.4698	0.2409	0.01
14.4954	0.2401	0.01
14.5299	0.2394	0.01
14.5304	0.2389	0.01
14.4596	0.2386	0.01
14.4633	0.2381	0.01
14.5473	0.2379	0.01
14.6751	0.2379	0.01
14.7495	0.2380	0.01
14.8633	0.2385	0.01
14.9785	0.2386	0.01
15.0014	0.2383	0.0110
15.0324	0.2379	0.0447
15.1726	0.2378	0.0269
15.2799	0.2373	0.0342
15.2856	0.2371	0.01147
15.3071	0.2369	0.01350
15.3067	0.2369	0.01337
15.2926	0.2365	0.2002
15.3683	0.2362	0.3583
15.5126	0.2356	0.6432
15.6165	0.2353	0.7729
15.6694	0.2352	0.8064
15.7058	0.2352	0.8858
15.7054	0.2353	0.8970
15.7049	0.2354	0.8693
15.6914	0.2357	0.8846
15.6856	0.2363	0.8872
15.6499	0.2364	0.8808
15.5770	0.2364	0.9013
15.5824	0.2366	1.1216
15.6151	0.2365	1.2387
15.7271	0.2366	1.3228
15.7539	0.2368	1.7121
15.8319	0.2363	1.9996
15.9095	0.2361	2.1364
15.8952	0.2363	2.3216
15.9170	0.2360	2.6031
15.9311	0.2359	2.9796
15.9679	0.2359	3.1313
16.0348	0.2355	3.1916
16.0656	0.2350	3.2729
16.0398	0.2345	3.2413
16.0414	0.2344	3.3637
16.0631	0.2345	3.4831
16.0753	0.2344	3.7364
16.0857	0.2346	4.0189
16.1200	0.2342	3.7862
16.2201	0.2336	3.3266
16.3273	0.2326	3.0883
16.3304	0.2322	2.8246
16.3004	0.2319	3.3597
16.3187	0.2319	3.6272
16.3601	0.2320	3.7026
16.3807	0.2319	3.7717
16.4013	0.2319	3.6444
16.3634	0.2322	2.9600
16.2969	0.2326	2.9683
16.2485	0.2322	3.5123
16.1867	0.2323	3.3055
16.1371	0.2332	3.2008
16.1416	0.2340	2.7005
16.1643	0.2336	3.1829
16.2030	0.2332	3.6878
16.2279	0.2332	3.6936
16.2566	0.2331	3.6833
16.2776	0.2328	3.0452
16.2567	0.2324	2.7578
16.2172	0.2326	2.7380
16.1799	0.2329	2.5315
16.1905	0.2329	2.5209
16.2331	0.2324	2.4874
16.1583	0.2322	2.5427
16.0312	0.2323	2.0769
15.9220	0.2325	2.0218
15.8565	0.2327	1.8780
15.8447	0.2325	2.0241
15.8583	0.2323	1.8435
15.7799	0.2326	1.5891
15.7248	0.2331	1.8522
15.7295	0.2339	1.9429
15.6770	0.2347	2.1279
15.5559	0.2352	2.1192
15.4689	0.2354	1.7178
15.3983	0.2354	1.7042
15.3277	0.2355	1.6992
15.1932	0.2360	1.2944
15.0869	0.2362	1.2798
15.0970	0.2367	0.01759
15.0961	0.2370	0.01
15.0766	0.2367	0.4424
15.0693	0.2367	1.2327
15.0503	0.2366	1.2177
14.9779	0.2368	1.1150
14.9358	0.2366	1.0336
14.9302	0.2360	0.6515
14.9521	0.2356	0.01621
14.9109	0.2353	0.2133
14.8589	0.2353	0.01
14.8745	0.2350	0.01
14.8150	0.2349	0.01
14.7802	0.2350	0.01867
14.7203	0.2361	0.2497
14.6610	0.2367	0.01878
14.5480	0.2370	0.0830
14.3862	0.2371	0.01 
14.2408	0.2371	0.01 
14.0172	0.2369	0.01 
13.8974	0.2371	0.01 
13.8312	0.2373	0.01 
13.7353	0.2372	0.01 
13.6083	0.2371	0.01 
13.4371	0.2377	0.01 
13.3042	0.2383	0.01 
13.2430	0.2386	0.01 
13.1818	0.2390	0.01 
13.1579	0.2394	0.01 
13.1015	0.2397	0.01 
13.1899	0.2392	0.01 
13.2467	0.2388	0.01 
13.2280	0.2382	0.01 
13.1757	0.2381	0.01 
13.0738	0.2386	0.01 
12.9405	0.2394	0.01 
12.8636	0.2402	0.01 
12.7716	0.2403	0.01 
12.6508	0.2401	0.01 
12.4973	0.2398	0.01 
12.4134	0.2398	0.01 
12.3747	0.2399	0.01 
12.3435	0.2401	0.01 
12.2975	0.2401	0.01 
12.2397	0.2401	0.01 
12.1568	0.2401	0.01 
12.0313	0.2399	0.01 
11.7888	0.2396	0.01 
11.5327	0.2397	0.01 
11.3266	0.2398	0.01 
11.2274	0.2401	0.01 
11.1868	0.2404	0.01 
11.1389	0.2407	0.01 
11.0553	0.2406	0.01 
10.9133	0.2403	0.01 
10.8507	0.2400	0.01 
10.7908	0.2405	0.01 
10.7309	0.2410	0.01 
10.01964	0.2419	0.01 
10.01028	0.2422	0.01 
10.4175	0.2428	0.01 
10.3722	0.2428	0.01 
10.3275	0.2429	0.01 
10.2570	0.2432	0.01 
10.2064	0.2434	0.01 
10.01331	0.2431	0.01 
10.0179	0.2431	0.01 
9.9607	0.2434	0.01 
9.8847	0.2438	0.01 
9.7100	0.2453	0.01 
9.5773	0.2457	0.01 
9.5175	0.2451	0.01 
9.3685	0.2448	0.01 
9.2494	0.2451	0.01 
9.1063	0.2455	0.01 
8.9938	0.2451	0.01 
8.8849	0.2445	0.01 
8.7893	0.2440	0.01 
8.6994	0.2440	0.01 
8.5834	0.2443	0.01 
8.4292	0.2448	0.01 
8.3060	0.2449	0.01 
8.2808	0.2446	0.01 
8.3154	0.2445	0.01 
8.3081	0.2447	0.01 
8.2428	0.2454	0.01 
8.2204	0.2455	0.01 
8.1980	0.2457	0.01 
8.1373	0.2455	0.01 
8.0007	0.2456	0.01 
7.9316	0.2458	0.01 
7.8211	0.2456	0.01 
7.8110	0.2450	0.01 
7.8588	0.2446	0.01 
7.8581	0.2441	0.01 
7.7677	0.2438	0.01 
7.6894	0.2434	0.01 
7.4981	0.2432	0.01 
7.3694	0.2433	0.01 
7.3204	0.2437	0.01 
7.2826	0.2435	0.01 
7.1823	0.2433	0.01 
7.0889	0.2431	0.01 
7.0682	0.2432	0.01 
7.0368	0.2433	0.01 
7.0595	0.2434	0.01 
7.0386	0.2437	0.01 
7.0330	0.2440	0.01 
7.0530	0.2446	0.01 
7.1298	0.2454	0.01 
7.1558	0.2457	0.01 
7.1873	0.2460	0.01 
7.1437	0.2461	0.01 
6.9884	0.2456	0.01 
6.8297	0.2458	0.01 
6.7337	0.2456	0.01 
6.6939	0.2450	0.01 
6.6541	0.2445	0.01 
6.6668	0.2441	0.01 
6.6851	0.2443	0.01 
6.7225	0.2446	0.01 
6.7056	0.2448	0.01 